3.0000e+02,2.8600e+02,2.9950e+02,3.7600e+02,5.7250e+02,4.0350e+02,3.2900e+02,2.2950e+02,3.8800e+02,2.4150e+02,2.3350e+02,2.8600e+02,3.7150e+02,1.3850e+02,3.1350e+02,-1.6230e+03,9.2000e+01,2.4600e+02,2.3450e+02
3.0100e+02,3.6600e+02,4.1950e+02,4.2100e+02,5.0900e+02,4.5050e+02,3.3550e+02,3.0750e+02,4.1650e+02,3.0850e+02,3.2100e+02,3.6600e+02,3.5700e+02,3.3750e+02,4.3950e+02,-9.0100e+02,2.0800e+02,2.5400e+02,3.4950e+02
3.0200e+02,3.7750e+02,3.9950e+02,4.0850e+02,4.7950e+02,4.9650e+02,4.4350e+02,4.2250e+02,4.5850e+02,4.3300e+02,4.7950e+02,3.7750e+02,4.4050e+02,4.9200e+02,5.0300e+02,-2.5250e+02,3.9450e+02,4.0350e+02,4.8400e+02
3.0300e+02,4.8600e+02,4.9550e+02,4.8750e+02,5.4750e+02,4.8500e+02,5.2550e+02,5.5750e+02,5.6700e+02,5.0750e+02,4.9150e+02,4.8600e+02,5.3450e+02,5.0350e+02,5.9950e+02,1.8200e+02,4.6850e+02,6.7300e+02,5.7600e+02
3.0400e+02,6.1850e+02,5.8300e+02,5.5850e+02,5.8800e+02,6.7800e+02,5.8950e+02,6.2100e+02,6.1550e+02,5.5950e+02,6.3000e+02,6.1850e+02,6.0000e+02,6.7800e+02,6.2350e+02,4.7200e+02,6.3150e+02,6.1650e+02,6.1100e+02
3.0500e+02,5.8950e+02,6.8700e+02,5.8850e+02,6.7050e+02,7.8400e+02,6.9500e+02,7.4250e+02,6.7200e+02,6.8250e+02,6.5550e+02,5.8950e+02,7.1950e+02,7.5300e+02,7.5650e+02,5.8300e+02,7.2350e+02,7.9950e+02,7.5150e+02
3.0600e+02,7.5950e+02,7.7200e+02,7.0500e+02,7.9850e+02,7.9950e+02,7.1200e+02,8.6250e+02,8.0650e+02,7.6150e+02,7.8900e+02,7.5950e+02,7.7950e+02,8.4000e+02,8.8100e+02,7.3100e+02,8.5500e+02,8.6600e+02,8.6850e+02
3.0700e+02,8.8600e+02,8.5000e+02,8.0600e+02,8.5600e+02,9.2400e+02,8.3150e+02,8.9150e+02,8.7400e+02,8.8150e+02,9.1950e+02,8.8600e+02,9.3500e+02,1.0100e+03,1.0110e+03,7.7900e+02,9.1350e+02,1.0105e+03,9.7350e+02
3.0800e+02,9.5450e+02,9.9950e+02,9.8400e+02,9.4300e+02,1.0455e+03,9.5500e+02,1.0270e+03,9.6800e+02,9.8900e+02,1.0525e+03,9.5450e+02,1.0595e+03,1.0640e+03,1.1475e+03,9.8150e+02,1.0760e+03,1.1590e+03,1.1275e+03
3.0900e+02,1.0620e+03,1.0940e+03,1.0615e+03,1.1785e+03,1.1950e+03,1.0820e+03,1.1495e+03,1.0655e+03,1.0780e+03,1.2090e+03,1.0620e+03,1.1585e+03,1.2100e+03,1.2930e+03,1.1200e+03,1.2585e+03,1.3010e+03,1.2390e+03
3.1000e+02,1.1500e+03,1.2455e+03,1.2105e+03,1.2915e+03,1.3715e+03,1.1850e+03,1.3005e+03,1.2550e+03,1.2000e+03,1.3345e+03,1.1500e+03,1.3060e+03,1.3865e+03,1.4200e+03,1.2045e+03,1.4100e+03,1.4270e+03,1.4175e+03
3.1100e+02,1.4020e+03,1.4475e+03,1.2530e+03,1.4310e+03,1.5195e+03,1.3320e+03,1.5500e+03,1.4255e+03,1.3705e+03,1.4900e+03,1.4020e+03,1.5275e+03,1.6410e+03,1.6255e+03,1.3660e+03,1.6010e+03,1.6360e+03,1.6430e+03
3.1200e+02,1.4390e+03,1.4770e+03,1.4770e+03,1.6165e+03,1.6990e+03,1.4985e+03,1.6545e+03,1.5390e+03,1.4695e+03,1.6570e+03,1.4390e+03,1.6535e+03,1.7485e+03,1.7835e+03,1.5375e+03,1.6945e+03,1.7950e+03,1.7340e+03
3.1300e+02,1.6935e+03,1.7255e+03,1.6820e+03,1.7755e+03,1.8580e+03,1.6705e+03,1.8955e+03,1.7240e+03,1.7060e+03,1.8495e+03,1.6935e+03,1.8380e+03,1.9665e+03,1.8710e+03,1.7315e+03,1.8735e+03,2.0000e+03,1.9265e+03
3.1400e+02,1.8560e+03,1.8525e+03,1.8785e+03,1.9910e+03,1.9720e+03,1.8770e+03,2.0705e+03,1.8640e+03,1.8015e+03,1.9800e+03,1.8560e+03,1.9700e+03,2.1440e+03,2.1625e+03,1.8375e+03,2.0855e+03,2.1985e+03,2.1395e+03
3.1500e+02,2.0370e+03,2.0150e+03,1.9430e+03,2.1555e+03,2.2405e+03,1.9845e+03,2.2100e+03,1.9900e+03,1.9310e+03,2.1815e+03,2.0370e+03,2.2590e+03,2.3620e+03,2.4020e+03,2.1115e+03,2.3475e+03,2.3625e+03,2.3445e+03
3.1600e+02,2.1945e+03,2.2260e+03,2.0915e+03,2.2815e+03,2.4645e+03,2.1790e+03,2.4035e+03,2.2510e+03,2.1615e+03,2.4395e+03,2.1945e+03,2.5030e+03,2.5515e+03,2.5750e+03,2.3185e+03,2.6405e+03,2.7105e+03,2.6600e+03
3.1700e+02,2.4205e+03,2.4885e+03,2.3330e+03,2.4955e+03,2.6600e+03,2.3220e+03,2.6950e+03,2.4680e+03,2.3590e+03,2.6685e+03,2.4205e+03,2.7560e+03,2.7970e+03,2.8340e+03,2.4870e+03,2.7985e+03,2.8405e+03,2.8690e+03
3.1800e+02,2.6400e+03,2.6975e+03,2.5910e+03,2.6985e+03,2.8970e+03,2.6580e+03,2.9380e+03,2.6385e+03,2.5960e+03,2.8745e+03,2.6400e+03,2.8735e+03,3.1565e+03,3.0520e+03,2.7515e+03,2.9910e+03,3.1780e+03,3.0935e+03
3.1900e+02,2.8925e+03,2.8450e+03,2.6455e+03,2.9740e+03,3.1415e+03,2.9050e+03,2.9750e+03,2.8430e+03,2.7615e+03,3.1100e+03,2.8925e+03,3.0635e+03,3.3295e+03,3.2840e+03,3.0450e+03,3.1900e+03,3.4225e+03,3.3335e+03
3.2000e+02,3.0560e+03,3.0725e+03,2.9220e+03,3.2260e+03,3.4510e+03,2.9420e+03,3.3305e+03,2.9875e+03,2.9995e+03,3.3345e+03,3.0560e+03,3.2820e+03,3.5715e+03,3.6210e+03,3.2160e+03,3.5075e+03,3.6830e+03,3.5185e+03
3.2100e+02,3.1505e+03,3.3080e+03,3.1700e+03,3.3570e+03,3.5150e+03,3.1730e+03,3.5470e+03,3.2600e+03,3.1710e+03,3.5365e+03,3.1505e+03,3.5665e+03,3.7455e+03,3.8570e+03,3.5155e+03,3.7470e+03,3.9685e+03,3.7700e+03
3.2200e+02,3.4230e+03,3.4320e+03,3.2120e+03,3.6225e+03,3.7620e+03,3.3885e+03,3.7460e+03,3.5890e+03,3.2680e+03,3.6525e+03,3.4230e+03,3.7795e+03,3.9900e+03,4.0590e+03,3.5925e+03,4.0500e+03,4.2585e+03,4.0360e+03
3.2300e+02,3.5695e+03,3.8380e+03,3.6235e+03,3.9685e+03,4.0580e+03,3.6830e+03,4.0280e+03,3.7485e+03,3.4795e+03,4.0460e+03,3.5695e+03,4.0820e+03,4.2435e+03,4.3940e+03,3.8475e+03,4.2765e+03,4.4210e+03,4.2835e+03
3.2400e+02,3.8625e+03,3.9690e+03,3.8680e+03,4.2070e+03,4.2520e+03,3.8585e+03,4.3350e+03,3.9955e+03,3.7905e+03,4.3630e+03,3.8625e+03,4.3200e+03,4.6070e+03,4.7800e+03,4.0465e+03,4.5845e+03,4.7415e+03,4.6625e+03
3.2500e+02,4.1320e+03,4.1830e+03,4.0935e+03,4.3295e+03,4.6900e+03,3.9900e+03,4.7300e+03,4.1165e+03,4.2580e+03,4.3620e+03,4.1320e+03,4.4930e+03,4.7680e+03,4.8125e+03,4.3045e+03,5.0780e+03,5.1005e+03,4.9670e+03
3.2600e+02,4.3300e+03,4.5360e+03,4.2755e+03,4.5995e+03,4.8355e+03,4.2260e+03,4.7710e+03,4.4545e+03,4.2985e+03,4.7875e+03,4.3300e+03,4.8355e+03,5.0580e+03,4.9525e+03,4.7195e+03,5.2350e+03,5.1830e+03,5.0765e+03
3.2700e+02,4.5580e+03,4.7115e+03,4.5455e+03,4.8290e+03,5.2195e+03,4.4735e+03,5.1540e+03,4.6470e+03,4.4505e+03,5.0565e+03,4.5580e+03,5.0500e+03,5.2655e+03,5.4185e+03,4.9250e+03,5.5765e+03,5.6020e+03,5.4695e+03
3.2800e+02,4.8055e+03,4.8640e+03,4.7030e+03,5.0460e+03,5.3870e+03,4.8685e+03,5.4990e+03,4.9680e+03,4.7935e+03,5.3695e+03,4.8055e+03,5.3090e+03,5.6200e+03,5.6290e+03,5.1625e+03,5.9810e+03,5.7995e+03,5.8700e+03
3.2900e+02,5.0140e+03,5.1875e+03,4.9535e+03,5.3415e+03,5.6565e+03,4.9995e+03,5.6635e+03,5.2385e+03,5.0920e+03,5.7965e+03,5.0140e+03,5.5635e+03,5.8455e+03,5.9095e+03,5.4415e+03,6.2125e+03,6.1530e+03,6.0995e+03
3.3000e+02,5.3205e+03,5.3955e+03,5.1570e+03,5.7020e+03,5.9455e+03,5.1580e+03,5.9420e+03,5.4320e+03,5.2045e+03,5.9390e+03,5.3205e+03,5.8915e+03,6.1770e+03,6.3750e+03,5.8570e+03,6.4585e+03,6.3685e+03,6.3545e+03
3.3100e+02,5.5680e+03,5.7010e+03,5.3985e+03,5.8530e+03,5.9805e+03,5.4560e+03,6.1570e+03,5.6980e+03,5.3460e+03,6.2575e+03,5.5680e+03,6.1600e+03,6.4405e+03,6.6090e+03,5.9575e+03,6.8205e+03,6.7600e+03,6.6630e+03
3.3200e+02,5.7950e+03,5.8165e+03,5.5935e+03,6.0805e+03,6.2720e+03,5.6245e+03,6.5240e+03,5.9670e+03,5.6795e+03,6.4925e+03,5.7950e+03,6.5285e+03,6.5565e+03,6.8965e+03,6.2625e+03,7.1110e+03,7.0185e+03,6.7595e+03
3.3300e+02,6.1180e+03,6.1645e+03,6.0490e+03,6.3035e+03,6.7355e+03,5.9150e+03,6.7755e+03,6.1410e+03,5.8100e+03,6.7160e+03,6.1180e+03,6.6725e+03,6.8960e+03,7.1640e+03,6.6015e+03,7.5775e+03,7.3380e+03,7.1120e+03
3.3400e+02,6.3175e+03,6.2510e+03,6.1760e+03,6.5785e+03,6.9790e+03,6.2500e+03,7.0010e+03,6.4655e+03,6.1955e+03,7.0285e+03,6.3175e+03,6.9155e+03,7.1755e+03,7.4735e+03,6.9595e+03,7.7905e+03,7.6665e+03,7.5745e+03
3.3500e+02,6.6295e+03,6.5825e+03,6.4085e+03,6.6925e+03,7.1875e+03,6.4660e+03,7.2175e+03,6.6295e+03,6.3630e+03,7.2045e+03,6.6295e+03,7.1545e+03,7.6540e+03,7.7075e+03,7.0350e+03,8.1740e+03,7.6670e+03,7.6420e+03
3.3600e+02,6.7685e+03,6.7675e+03,6.5500e+03,7.1005e+03,7.4915e+03,6.6005e+03,7.5600e+03,6.9255e+03,6.5300e+03,7.6525e+03,6.7685e+03,7.5300e+03,7.7085e+03,7.9670e+03,7.3910e+03,8.3020e+03,8.1900e+03,7.9915e+03
3.3700e+02,6.9270e+03,7.0970e+03,6.9020e+03,7.2045e+03,7.7390e+03,6.8805e+03,7.7895e+03,7.2300e+03,6.8350e+03,7.7960e+03,6.9270e+03,7.5960e+03,8.0505e+03,8.1830e+03,7.5360e+03,8.5580e+03,8.3515e+03,8.3665e+03
3.3800e+02,7.1215e+03,7.3075e+03,7.0165e+03,7.6260e+03,7.8300e+03,7.0135e+03,7.9805e+03,7.2375e+03,6.8885e+03,8.0350e+03,7.1215e+03,7.8410e+03,8.3690e+03,8.4720e+03,7.9220e+03,8.8930e+03,8.6780e+03,8.4760e+03
3.3900e+02,7.3365e+03,7.4810e+03,7.2355e+03,7.7570e+03,8.2840e+03,7.2735e+03,8.2750e+03,7.6150e+03,7.1670e+03,8.3315e+03,7.3365e+03,8.1955e+03,8.4850e+03,8.8050e+03,8.3985e+03,9.4225e+03,8.9230e+03,8.8120e+03
3.4000e+02,7.5430e+03,7.6670e+03,7.3235e+03,7.9345e+03,8.2290e+03,7.6555e+03,8.4210e+03,7.7510e+03,7.2650e+03,8.5270e+03,7.5430e+03,8.3060e+03,8.6935e+03,9.0110e+03,8.3895e+03,9.5815e+03,9.1640e+03,8.9770e+03
3.4100e+02,7.6885e+03,7.9835e+03,7.5385e+03,8.2370e+03,8.4445e+03,7.8075e+03,8.8185e+03,7.9115e+03,7.6750e+03,8.6000e+03,7.6885e+03,8.6100e+03,9.0240e+03,9.2475e+03,8.4650e+03,9.7560e+03,9.3315e+03,9.1320e+03
3.4200e+02,7.9625e+03,8.0380e+03,7.8270e+03,8.4945e+03,8.8545e+03,7.8200e+03,9.0370e+03,8.1870e+03,7.6620e+03,8.7815e+03,7.9625e+03,9.0025e+03,9.0730e+03,9.4175e+03,8.9105e+03,9.9000e+03,9.4545e+03,9.4470e+03
3.4300e+02,8.1855e+03,8.2870e+03,7.9330e+03,8.7330e+03,8.9700e+03,8.0150e+03,9.2385e+03,8.2835e+03,7.9470e+03,9.1405e+03,8.1855e+03,9.1365e+03,9.3940e+03,9.6215e+03,9.1810e+03,1.0297e+04,9.9155e+03,9.6460e+03
3.4400e+02,8.5780e+03,8.4580e+03,8.1495e+03,8.9445e+03,9.1805e+03,8.3010e+03,9.3045e+03,8.5480e+03,8.1510e+03,9.4300e+03,8.5780e+03,9.3350e+03,9.6540e+03,1.0018e+04,9.2490e+03,1.0532e+04,9.9645e+03,9.9580e+03
3.4500e+02,8.7175e+03,8.6570e+03,8.4120e+03,8.9625e+03,9.4965e+03,8.4250e+03,9.5675e+03,8.7375e+03,8.3075e+03,9.5370e+03,8.7175e+03,9.5320e+03,9.6220e+03,1.0092e+04,9.4135e+03,1.0642e+04,1.0236e+04,1.0105e+04
3.4600e+02,8.7875e+03,8.9455e+03,8.5100e+03,9.3535e+03,9.7395e+03,8.5420e+03,9.8100e+03,8.9470e+03,8.4955e+03,9.7835e+03,8.7875e+03,9.4700e+03,9.9710e+03,1.0490e+04,9.7340e+03,1.1016e+04,1.0480e+04,1.0334e+04
3.4700e+02,8.9945e+03,8.9455e+03,8.8050e+03,9.4920e+03,9.7880e+03,8.8950e+03,9.8085e+03,8.9195e+03,8.9210e+03,9.9125e+03,8.9945e+03,9.9715e+03,1.0290e+04,1.0652e+04,9.8935e+03,1.1144e+04,1.0643e+04,1.0678e+04
3.4800e+02,9.1400e+03,9.2260e+03,8.8525e+03,9.5755e+03,1.0072e+04,8.9445e+03,1.0060e+04,9.3625e+03,8.8240e+03,1.0260e+04,9.1400e+03,9.9575e+03,1.0442e+04,1.0808e+04,1.0208e+04,1.1248e+04,1.0862e+04,1.0752e+04
3.4900e+02,9.3265e+03,9.3690e+03,9.1895e+03,9.8290e+03,1.0110e+04,9.0600e+03,1.0366e+04,9.5105e+03,8.9445e+03,1.0502e+04,9.3265e+03,1.0424e+04,1.0804e+04,1.0941e+04,1.0308e+04,1.1690e+04,1.1061e+04,1.0952e+04
3.5000e+02,9.4235e+03,9.5185e+03,9.1945e+03,9.8215e+03,1.0317e+04,9.2525e+03,1.0524e+04,9.5980e+03,9.1795e+03,1.0431e+04,9.4235e+03,1.0376e+04,1.0945e+04,1.1108e+04,1.0572e+04,1.1678e+04,1.1224e+04,1.1244e+04
3.5100e+02,9.6465e+03,9.6335e+03,9.3365e+03,1.0076e+04,1.0475e+04,9.3795e+03,1.0527e+04,9.7040e+03,9.1720e+03,1.0712e+04,9.6465e+03,1.0646e+04,1.1132e+04,1.1394e+04,1.0817e+04,1.2060e+04,1.1485e+04,1.1346e+04
3.5200e+02,9.7820e+03,9.7870e+03,9.5360e+03,1.0202e+04,1.0626e+04,9.6215e+03,1.0624e+04,9.8685e+03,9.3525e+03,1.0937e+04,9.7820e+03,1.0899e+04,1.1031e+04,1.1642e+04,1.0962e+04,1.2064e+04,1.1502e+04,1.1416e+04
3.5300e+02,9.7775e+03,9.9970e+03,9.5360e+03,1.0346e+04,1.0810e+04,9.6560e+03,1.0876e+04,9.8380e+03,9.3440e+03,1.1012e+04,9.7775e+03,1.0830e+04,1.1314e+04,1.1568e+04,1.1028e+04,1.2166e+04,1.1816e+04,1.1836e+04
3.5400e+02,1.0008e+04,1.0226e+04,9.5600e+03,1.0423e+04,1.0866e+04,9.6795e+03,1.1064e+04,9.9940e+03,9.4060e+03,1.1095e+04,1.0008e+04,1.0815e+04,1.1369e+04,1.1764e+04,1.1178e+04,1.2534e+04,1.1991e+04,1.1813e+04
3.5500e+02,1.0134e+04,1.0086e+04,9.7400e+03,1.0583e+04,1.1064e+04,9.8840e+03,1.1184e+04,1.0099e+04,9.6335e+03,1.1127e+04,1.0134e+04,1.1042e+04,1.1557e+04,1.2022e+04,1.1282e+04,1.2484e+04,1.1896e+04,1.1880e+04
3.5600e+02,1.0179e+04,1.0074e+04,9.8060e+03,1.0874e+04,1.0992e+04,9.9430e+03,1.1237e+04,1.0211e+04,9.5800e+03,1.1324e+04,1.0179e+04,1.1192e+04,1.1574e+04,1.2007e+04,1.1346e+04,1.2694e+04,1.2230e+04,1.1952e+04
3.5700e+02,1.0200e+04,1.0231e+04,9.9050e+03,1.0750e+04,1.1072e+04,9.9440e+03,1.1285e+04,1.0148e+04,9.7480e+03,1.1272e+04,1.0200e+04,1.1106e+04,1.1622e+04,1.2046e+04,1.1412e+04,1.2664e+04,1.2006e+04,1.2172e+04
3.5800e+02,1.0220e+04,1.0297e+04,1.0186e+04,1.0700e+04,1.1138e+04,1.0054e+04,1.1346e+04,1.0220e+04,9.9245e+03,1.1558e+04,1.0220e+04,1.1294e+04,1.1752e+04,1.2180e+04,1.1546e+04,1.2760e+04,1.2227e+04,1.2028e+04
3.5900e+02,1.0333e+04,1.0444e+04,9.9270e+03,1.0938e+04,1.1223e+04,1.0046e+04,1.1404e+04,1.0397e+04,9.9025e+03,1.1516e+04,1.0333e+04,1.1334e+04,1.1966e+04,1.2021e+04,1.1709e+04,1.3054e+04,1.2122e+04,1.1992e+04
3.6000e+02,1.0276e+04,1.0272e+04,1.0042e+04,1.0940e+04,1.1158e+04,1.0313e+04,1.1276e+04,1.0304e+04,1.0937e+04,1.1709e+04,1.0276e+04,1.1384e+04,1.1906e+04,1.2088e+04,1.1712e+04,1.2968e+04,1.2409e+04,1.2154e+04
3.6100e+02,1.0451e+04,1.0326e+04,9.7450e+03,1.1121e+04,1.1050e+04,1.0180e+04,1.1470e+04,1.0376e+04,9.7440e+03,1.1372e+04,1.0451e+04,1.1357e+04,1.2075e+04,1.2014e+04,1.1750e+04,1.3001e+04,1.2080e+04,1.2360e+04
3.6200e+02,1.0369e+04,1.0330e+04,1.0054e+04,1.1052e+04,1.1064e+04,1.0164e+04,1.1512e+04,1.0311e+04,9.9630e+03,1.1603e+04,1.0369e+04,1.1322e+04,1.1864e+04,1.2264e+04,1.1934e+04,1.3038e+04,1.2259e+04,1.2100e+04
3.6300e+02,1.0442e+04,1.0442e+04,9.9685e+03,1.1072e+04,1.1243e+04,1.0225e+04,1.1555e+04,1.0388e+04,9.8725e+03,1.1475e+04,1.0442e+04,1.1456e+04,1.1802e+04,1.2074e+04,1.1827e+04,1.3021e+04,1.2132e+04,1.2238e+04
3.6400e+02,1.0432e+04,1.0364e+04,9.9335e+03,1.0758e+04,1.1196e+04,1.0071e+04,1.1448e+04,1.0302e+04,9.9115e+03,1.1489e+04,1.0432e+04,1.1430e+04,1.1731e+04,1.2207e+04,1.1830e+04,1.2791e+04,1.2280e+04,1.1974e+04
3.6500e+02,1.0394e+04,1.0417e+04,9.9645e+03,1.1029e+04,1.1048e+04,1.0126e+04,1.1328e+04,1.0392e+04,9.8215e+03,1.1435e+04,1.0394e+04,1.1469e+04,1.1872e+04,1.2136e+04,1.1750e+04,1.2887e+04,1.2377e+04,1.2212e+04
3.6600e+02,1.0352e+04,1.0226e+04,9.9425e+03,1.0985e+04,1.1192e+04,1.0048e+04,1.1241e+04,1.0259e+04,9.9430e+03,1.1475e+04,1.0352e+04,1.1344e+04,1.1924e+04,1.2209e+04,1.1644e+04,1.2880e+04,1.2004e+04,1.2013e+04
3.6700e+02,1.0254e+04,1.0445e+04,9.9785e+03,1.0946e+04,1.1097e+04,1.0012e+04,1.1238e+04,1.0175e+04,9.8225e+03,1.1309e+04,1.0254e+04,1.1414e+04,1.1620e+04,1.2009e+04,1.1708e+04,1.2666e+04,1.2175e+04,1.2124e+04
3.6800e+02,1.0268e+04,1.0372e+04,9.7955e+03,1.0768e+04,1.0993e+04,1.0122e+04,1.1188e+04,1.0162e+04,9.6950e+03,1.1260e+04,1.0268e+04,1.1269e+04,1.1759e+04,1.2014e+04,1.1684e+04,1.2652e+04,1.2069e+04,1.1998e+04
3.6900e+02,1.0153e+04,1.0174e+04,9.8580e+03,1.0843e+04,1.0887e+04,9.9980e+03,1.1077e+04,1.0057e+04,9.7115e+03,1.1355e+04,1.0153e+04,1.1116e+04,1.1640e+04,1.2016e+04,1.1567e+04,1.2634e+04,1.2072e+04,1.1862e+04
3.7000e+02,1.0083e+04,1.0120e+04,9.6420e+03,1.0749e+04,1.1103e+04,9.9185e+03,1.0940e+04,9.8635e+03,9.7080e+03,1.1117e+04,1.0083e+04,1.1060e+04,1.1551e+04,1.1864e+04,1.1750e+04,1.2467e+04,1.1926e+04,1.1925e+04
3.7100e+02,9.9865e+03,1.0036e+04,9.7755e+03,1.0554e+04,1.0612e+04,9.9355e+03,1.0862e+04,9.9810e+03,9.5575e+03,1.1010e+04,9.9865e+03,1.1043e+04,1.1560e+04,1.1724e+04,1.1374e+04,1.2301e+04,1.1700e+04,1.1750e+04
3.7200e+02,1.0050e+04,9.7690e+03,9.6410e+03,1.0657e+04,1.0612e+04,9.9545e+03,1.0892e+04,9.8725e+03,9.4930e+03,1.0928e+04,1.0050e+04,1.0704e+04,1.1398e+04,1.1652e+04,1.1424e+04,1.2274e+04,1.1686e+04,1.1523e+04
3.7300e+02,9.9335e+03,9.9565e+03,9.5815e+03,1.0383e+04,1.0450e+04,9.7950e+03,1.0606e+04,9.7060e+03,9.3030e+03,1.0758e+04,9.9335e+03,1.0783e+04,1.1333e+04,1.1623e+04,1.1208e+04,1.2318e+04,1.1538e+04,1.1494e+04
3.7400e+02,9.6580e+03,9.7560e+03,9.4565e+03,1.0199e+04,1.0354e+04,9.7720e+03,1.0746e+04,9.8735e+03,9.3120e+03,1.0812e+04,9.6580e+03,1.0728e+04,1.1080e+04,1.1379e+04,1.1242e+04,1.2030e+04,1.1621e+04,1.1390e+04
3.7500e+02,9.7865e+03,9.7780e+03,9.5085e+03,1.0068e+04,1.0210e+04,9.5610e+03,1.0648e+04,9.5500e+03,9.1820e+03,1.0498e+04,9.7865e+03,1.0740e+04,1.0958e+04,1.1388e+04,1.1116e+04,1.1890e+04,1.1452e+04,1.1395e+04
3.7600e+02,9.5025e+03,9.5730e+03,9.0630e+03,1.0086e+04,1.0236e+04,9.4720e+03,1.0401e+04,9.4340e+03,8.8795e+03,1.0356e+04,9.5025e+03,1.0378e+04,1.0842e+04,1.1162e+04,1.0948e+04,1.1900e+04,1.1344e+04,1.1100e+04
3.7700e+02,9.4735e+03,9.5155e+03,9.1050e+03,9.8095e+03,1.0020e+04,9.3155e+03,1.0386e+04,9.2110e+03,9.0415e+03,1.0545e+04,9.4735e+03,1.0234e+04,1.0701e+04,1.0953e+04,1.0838e+04,1.1669e+04,1.1144e+04,1.1078e+04
3.7800e+02,9.3315e+03,9.3990e+03,8.8960e+03,9.7940e+03,1.0011e+04,9.2100e+03,1.0225e+04,9.3210e+03,8.8805e+03,1.0166e+04,9.3315e+03,1.0182e+04,1.0411e+04,1.0864e+04,1.0614e+04,1.1524e+04,1.1080e+04,1.1114e+04
3.7900e+02,9.2305e+03,9.1200e+03,8.8290e+03,9.6715e+03,9.7765e+03,8.9625e+03,1.0014e+04,9.0040e+03,8.8940e+03,1.0154e+04,9.2305e+03,1.0022e+04,1.0330e+04,1.0554e+04,1.0500e+04,1.1282e+04,1.0796e+04,1.0632e+04
3.8000e+02,8.9335e+03,9.0570e+03,8.5680e+03,9.5345e+03,9.7365e+03,9.0225e+03,9.7500e+03,8.7415e+03,8.6070e+03,9.8780e+03,8.9335e+03,9.9000e+03,1.0366e+04,1.0431e+04,1.0460e+04,1.1116e+04,1.0631e+04,1.0480e+04
3.8100e+02,8.9420e+03,8.9620e+03,8.6230e+03,9.2715e+03,9.3770e+03,8.8190e+03,9.7285e+03,8.8045e+03,8.3525e+03,9.9065e+03,8.9420e+03,9.5965e+03,1.0242e+04,1.0502e+04,1.0179e+04,1.0896e+04,1.0563e+04,1.0314e+04
3.8200e+02,8.7500e+03,8.9495e+03,8.5220e+03,8.9770e+03,9.4545e+03,8.4715e+03,9.5490e+03,8.6340e+03,8.4500e+03,9.6205e+03,8.7500e+03,9.5715e+03,9.9235e+03,1.0138e+04,9.9485e+03,1.0712e+04,1.0395e+04,1.0339e+04
3.8300e+02,8.6575e+03,8.6775e+03,8.4115e+03,9.0715e+03,9.1835e+03,8.7000e+03,9.3950e+03,8.4440e+03,8.1710e+03,9.3120e+03,8.6575e+03,9.3975e+03,9.8960e+03,9.9795e+03,1.0146e+04,1.0594e+04,1.0020e+04,1.0018e+04
3.8400e+02,8.5780e+03,8.5000e+03,8.1330e+03,8.8175e+03,8.9920e+03,8.2805e+03,9.2410e+03,8.3750e+03,8.1860e+03,9.4365e+03,8.5780e+03,9.2225e+03,9.6175e+03,1.0015e+04,9.8625e+03,1.0362e+04,9.9670e+03,9.8425e+03
3.8500e+02,8.4520e+03,8.3850e+03,7.9940e+03,8.6785e+03,8.9140e+03,8.1630e+03,9.0800e+03,8.2825e+03,7.9570e+03,9.1200e+03,8.4520e+03,9.0565e+03,9.3395e+03,9.5505e+03,9.7050e+03,1.0280e+04,9.8175e+03,9.6860e+03
3.8600e+02,8.2310e+03,8.2835e+03,7.9640e+03,8.4280e+03,8.7555e+03,8.0595e+03,8.8775e+03,8.1110e+03,7.9165e+03,8.9630e+03,8.2310e+03,9.0565e+03,9.3345e+03,9.6300e+03,9.4460e+03,1.0106e+04,9.6805e+03,9.5470e+03
3.8700e+02,8.0750e+03,8.1095e+03,7.7885e+03,8.5795e+03,8.8185e+03,8.0645e+03,8.6440e+03,8.0440e+03,7.6560e+03,8.8040e+03,8.0750e+03,8.9820e+03,9.2915e+03,9.5335e+03,9.4735e+03,9.8575e+03,9.5980e+03,9.3240e+03
3.8800e+02,7.9535e+03,8.1120e+03,7.6380e+03,8.3835e+03,8.5505e+03,7.7375e+03,8.6610e+03,8.0330e+03,7.5125e+03,8.5955e+03,7.9535e+03,8.7910e+03,8.9790e+03,9.3605e+03,9.1980e+03,9.9065e+03,9.3965e+03,9.1660e+03
3.8900e+02,7.9190e+03,8.0000e+03,7.4775e+03,8.3055e+03,8.4200e+03,7.6150e+03,8.5030e+03,7.8180e+03,7.4305e+03,8.5745e+03,7.9190e+03,8.5735e+03,8.7890e+03,9.0740e+03,9.0605e+03,9.6960e+03,9.3245e+03,9.0880e+03
3.9000e+02,7.4615e+03,7.7915e+03,7.4380e+03,7.9375e+03,8.3265e+03,7.6475e+03,8.3725e+03,7.7560e+03,7.5010e+03,8.5375e+03,7.4615e+03,8.3185e+03,8.7190e+03,9.0355e+03,8.7290e+03,9.5295e+03,9.1210e+03,8.8125e+03
3.9100e+02,7.5415e+03,7.6305e+03,7.2050e+03,7.9020e+03,8.0395e+03,7.4715e+03,8.2700e+03,7.4660e+03,7.2185e+03,8.3205e+03,7.5415e+03,8.2620e+03,8.3695e+03,8.8450e+03,9.0010e+03,9.2010e+03,9.0445e+03,8.7850e+03
3.9200e+02,7.3985e+03,7.5535e+03,7.1210e+03,7.7750e+03,7.8400e+03,7.2845e+03,7.9785e+03,7.3635e+03,7.0970e+03,8.1320e+03,7.3985e+03,8.0965e+03,8.4205e+03,8.5400e+03,8.4790e+03,9.0250e+03,8.8025e+03,8.6605e+03
3.9300e+02,7.3425e+03,7.3610e+03,7.1250e+03,7.6265e+03,7.7555e+03,7.2445e+03,7.8445e+03,7.2470e+03,7.0790e+03,8.1005e+03,7.3425e+03,7.8720e+03,8.1860e+03,8.3370e+03,8.2720e+03,8.9975e+03,8.6700e+03,8.3355e+03
3.9400e+02,7.0875e+03,7.0575e+03,6.8745e+03,7.4020e+03,7.5575e+03,7.0195e+03,7.7490e+03,6.9695e+03,6.7760e+03,7.8330e+03,7.0875e+03,7.8245e+03,7.9910e+03,8.1395e+03,8.1630e+03,8.7530e+03,8.4560e+03,8.2340e+03
3.9500e+02,6.9315e+03,7.1030e+03,6.7405e+03,7.1045e+03,7.4730e+03,6.8850e+03,7.4020e+03,6.8490e+03,6.6470e+03,7.5460e+03,6.9315e+03,7.5275e+03,7.7230e+03,7.9845e+03,7.9395e+03,8.5365e+03,8.3775e+03,8.0275e+03
3.9600e+02,6.6790e+03,6.7400e+03,6.4165e+03,6.8950e+03,7.2510e+03,6.6335e+03,7.2345e+03,6.5780e+03,6.3960e+03,7.3405e+03,6.6790e+03,7.2925e+03,7.5375e+03,7.6815e+03,7.7850e+03,8.1570e+03,7.9150e+03,7.7805e+03
3.9700e+02,6.5550e+03,6.6205e+03,6.1880e+03,6.7250e+03,6.9980e+03,6.3685e+03,7.0190e+03,6.3965e+03,6.2130e+03,6.9940e+03,6.5550e+03,7.0925e+03,7.2485e+03,7.4850e+03,7.4330e+03,7.8010e+03,7.7290e+03,7.5120e+03
3.9800e+02,6.4245e+03,6.4135e+03,6.0895e+03,6.4100e+03,6.5955e+03,6.2275e+03,6.9020e+03,6.3585e+03,6.1475e+03,6.8410e+03,6.4245e+03,6.7105e+03,7.0705e+03,7.1965e+03,7.1780e+03,7.6945e+03,7.6865e+03,7.1700e+03
3.9900e+02,6.1140e+03,6.1740e+03,5.7820e+03,6.1305e+03,6.5260e+03,6.0150e+03,6.6205e+03,6.0580e+03,5.9675e+03,6.6210e+03,6.1140e+03,6.7575e+03,6.8420e+03,7.0720e+03,7.0180e+03,7.4945e+03,7.4400e+03,7.0545e+03
4.0000e+02,5.8125e+03,6.0505e+03,5.7555e+03,5.9260e+03,6.3290e+03,5.9145e+03,6.4920e+03,5.8540e+03,5.6660e+03,6.5850e+03,5.8125e+03,6.5445e+03,6.4785e+03,6.8130e+03,6.7600e+03,7.2340e+03,7.2000e+03,6.8615e+03
4.0100e+02,5.5900e+03,5.7495e+03,5.5255e+03,5.9165e+03,6.1285e+03,5.6715e+03,6.2695e+03,5.7720e+03,5.5975e+03,6.0510e+03,5.5900e+03,6.1990e+03,6.5030e+03,6.6545e+03,6.6130e+03,6.9200e+03,7.0950e+03,6.5140e+03
4.0200e+02,5.5630e+03,5.6810e+03,5.3730e+03,5.5510e+03,5.9945e+03,5.3650e+03,5.8910e+03,5.4950e+03,5.2960e+03,6.0305e+03,5.5630e+03,6.0765e+03,6.0990e+03,6.3185e+03,6.2235e+03,6.7430e+03,6.9240e+03,6.3575e+03
4.0300e+02,5.2685e+03,5.5300e+03,5.2365e+03,5.4920e+03,5.7810e+03,5.3870e+03,5.8400e+03,5.4170e+03,5.1770e+03,5.8065e+03,5.2685e+03,5.9845e+03,6.0575e+03,6.2550e+03,6.1970e+03,6.5335e+03,6.7145e+03,6.0250e+03
4.0400e+02,5.1865e+03,5.1905e+03,5.0680e+03,5.2830e+03,5.5675e+03,5.0810e+03,5.4775e+03,5.2465e+03,4.9755e+03,5.6615e+03,5.1865e+03,5.6005e+03,5.7115e+03,5.8365e+03,6.0250e+03,6.4125e+03,6.6470e+03,5.9155e+03
4.0500e+02,5.0465e+03,5.1485e+03,4.8545e+03,5.0120e+03,5.2300e+03,4.9680e+03,5.3155e+03,5.0780e+03,4.8850e+03,5.4725e+03,5.0465e+03,5.5015e+03,5.5920e+03,5.7005e+03,5.7770e+03,6.0860e+03,6.4960e+03,5.6395e+03
4.0600e+02,4.9280e+03,4.8850e+03,4.6655e+03,4.8830e+03,5.1150e+03,4.7365e+03,5.3175e+03,4.8025e+03,4.6820e+03,5.2825e+03,4.9280e+03,5.2720e+03,5.4885e+03,5.6015e+03,5.6215e+03,5.9675e+03,6.3895e+03,5.5285e+03
4.0700e+02,4.5365e+03,4.8380e+03,4.4175e+03,4.7905e+03,5.0660e+03,4.4285e+03,5.0480e+03,4.6780e+03,4.5475e+03,5.0675e+03,4.5365e+03,5.0620e+03,5.2030e+03,5.3955e+03,5.3570e+03,5.7980e+03,6.2750e+03,5.2605e+03
4.0800e+02,4.4390e+03,4.7300e+03,4.4255e+03,4.4560e+03,4.8265e+03,4.4065e+03,4.8725e+03,4.6035e+03,4.2910e+03,4.8715e+03,4.4390e+03,4.7875e+03,4.9740e+03,5.1435e+03,5.2710e+03,5.5180e+03,6.3175e+03,5.1260e+03
4.0900e+02,4.4325e+03,4.5130e+03,4.1725e+03,4.1920e+03,4.8025e+03,4.2555e+03,4.6000e+03,4.4000e+03,4.0945e+03,4.7575e+03,4.4325e+03,4.7795e+03,4.8460e+03,5.0285e+03,4.9575e+03,5.3005e+03,6.1365e+03,4.9390e+03
4.1000e+02,4.1185e+03,4.3920e+03,4.0095e+03,4.2690e+03,4.4535e+03,4.1570e+03,4.5190e+03,4.2060e+03,4.1225e+03,4.4955e+03,4.1185e+03,4.6340e+03,4.6920e+03,4.7770e+03,4.8910e+03,5.0890e+03,5.9875e+03,4.8820e+03
4.1100e+02,4.0105e+03,4.1485e+03,3.9020e+03,4.0355e+03,4.3735e+03,4.0110e+03,4.4045e+03,4.0285e+03,3.9795e+03,4.3790e+03,4.0105e+03,4.4515e+03,4.4030e+03,4.5255e+03,4.7450e+03,4.9945e+03,5.3680e+03,4.6140e+03
4.1200e+02,3.8755e+03,3.9900e+03,3.6990e+03,3.8975e+03,4.1160e+03,3.7910e+03,4.2845e+03,3.7475e+03,3.8405e+03,4.0780e+03,3.8755e+03,4.3155e+03,4.3360e+03,4.5680e+03,4.5010e+03,4.8595e+03,5.1685e+03,4.3630e+03
4.1300e+02,3.7145e+03,3.9445e+03,3.6305e+03,3.6925e+03,4.0880e+03,3.6530e+03,4.2245e+03,3.6590e+03,3.5680e+03,4.0845e+03,3.7145e+03,4.1150e+03,4.1695e+03,4.3235e+03,4.3545e+03,4.5100e+03,5.0060e+03,4.2075e+03
4.1400e+02,3.5890e+03,3.6780e+03,3.5465e+03,3.5990e+03,3.8810e+03,3.5515e+03,3.8805e+03,3.5640e+03,3.5940e+03,3.7740e+03,3.5890e+03,3.9720e+03,4.0710e+03,4.1955e+03,4.1850e+03,4.4320e+03,4.8170e+03,4.2405e+03
4.1500e+02,3.3955e+03,3.6430e+03,3.3985e+03,3.4090e+03,3.7470e+03,3.3555e+03,3.7785e+03,3.5310e+03,3.3165e+03,3.7470e+03,3.3955e+03,3.7390e+03,3.9100e+03,4.0135e+03,4.1055e+03,4.3200e+03,4.5625e+03,4.0350e+03
4.1600e+02,3.3595e+03,3.4770e+03,3.2635e+03,3.3350e+03,3.6135e+03,3.3115e+03,3.5715e+03,3.3125e+03,3.2720e+03,3.5235e+03,3.3595e+03,3.7495e+03,3.7200e+03,3.9115e+03,3.8285e+03,4.2360e+03,4.4020e+03,3.8810e+03
4.1700e+02,3.2875e+03,3.4210e+03,3.2400e+03,3.1480e+03,3.5915e+03,3.2150e+03,3.5175e+03,3.3200e+03,3.1170e+03,3.5290e+03,3.2875e+03,3.5035e+03,3.6215e+03,3.6725e+03,3.7395e+03,3.8780e+03,4.3310e+03,3.6520e+03
4.1800e+02,3.1545e+03,3.3120e+03,3.0550e+03,3.0845e+03,3.5085e+03,3.0880e+03,3.4530e+03,3.1585e+03,3.0280e+03,3.4225e+03,3.1545e+03,3.3360e+03,3.6365e+03,3.7390e+03,3.5575e+03,3.8820e+03,4.1680e+03,3.5530e+03
4.1900e+02,2.9690e+03,3.1630e+03,2.8700e+03,3.0065e+03,3.2480e+03,2.8790e+03,3.2895e+03,3.0290e+03,3.0645e+03,3.2585e+03,2.9690e+03,3.2615e+03,3.3285e+03,3.5165e+03,3.5165e+03,3.7310e+03,4.1095e+03,3.3500e+03
4.2000e+02,2.9035e+03,3.1135e+03,2.8450e+03,2.9295e+03,3.1605e+03,2.8450e+03,3.2565e+03,2.9020e+03,2.8710e+03,3.1655e+03,2.9035e+03,3.1685e+03,3.2820e+03,3.3905e+03,3.3830e+03,3.5405e+03,3.8985e+03,3.2145e+03
4.2100e+02,2.7815e+03,2.9255e+03,2.6925e+03,2.7630e+03,3.0115e+03,2.8020e+03,3.0470e+03,2.8985e+03,2.7010e+03,2.8995e+03,2.7815e+03,3.0060e+03,3.2010e+03,3.1420e+03,3.2190e+03,3.5045e+03,3.6990e+03,3.1565e+03
4.2200e+02,2.5465e+03,2.8530e+03,2.5745e+03,2.6470e+03,3.0035e+03,2.7040e+03,2.9790e+03,2.9075e+03,2.6310e+03,2.8890e+03,2.5465e+03,3.0270e+03,3.0700e+03,3.1145e+03,3.1420e+03,3.3265e+03,3.7030e+03,2.9735e+03
4.2300e+02,2.5995e+03,2.8350e+03,2.6660e+03,2.7435e+03,2.9180e+03,2.4880e+03,2.8960e+03,2.6465e+03,2.5575e+03,2.8070e+03,2.5995e+03,2.8010e+03,2.9320e+03,3.0730e+03,2.9915e+03,3.3025e+03,3.5720e+03,2.9020e+03
4.2400e+02,2.5220e+03,2.6490e+03,2.4695e+03,2.5425e+03,2.7555e+03,2.3995e+03,2.8005e+03,2.5280e+03,2.4575e+03,2.7340e+03,2.5220e+03,2.7435e+03,2.8520e+03,2.8865e+03,2.8955e+03,3.2280e+03,3.4165e+03,2.8255e+03
4.2500e+02,2.3745e+03,2.5225e+03,2.4305e+03,2.4585e+03,2.6505e+03,2.4550e+03,2.7495e+03,2.5490e+03,2.2890e+03,2.6320e+03,2.3745e+03,2.6205e+03,2.8065e+03,2.7725e+03,2.8590e+03,3.1580e+03,3.4240e+03,2.7665e+03
4.2600e+02,2.2545e+03,2.4880e+03,2.2890e+03,2.4185e+03,2.4375e+03,2.3025e+03,2.6660e+03,2.4125e+03,2.2925e+03,2.5095e+03,2.2545e+03,2.5215e+03,2.6080e+03,2.6620e+03,2.6390e+03,2.8580e+03,3.1935e+03,2.6250e+03
4.2700e+02,2.3505e+03,2.4205e+03,2.2165e+03,2.1965e+03,2.4885e+03,2.2940e+03,2.5015e+03,2.3465e+03,2.2445e+03,2.3530e+03,2.3505e+03,2.4725e+03,2.4585e+03,2.6170e+03,2.6140e+03,2.8190e+03,3.0285e+03,2.5710e+03
4.2800e+02,2.2605e+03,2.3080e+03,2.1745e+03,2.1255e+03,2.4540e+03,2.1035e+03,2.4250e+03,2.2420e+03,2.1160e+03,2.3915e+03,2.2605e+03,2.3355e+03,2.5390e+03,2.5065e+03,2.5195e+03,2.7225e+03,2.9820e+03,2.4065e+03
4.2900e+02,2.1380e+03,2.2535e+03,2.0380e+03,2.0095e+03,2.3295e+03,1.9865e+03,2.4200e+03,2.1960e+03,2.1020e+03,2.2990e+03,2.1380e+03,2.3150e+03,2.3435e+03,2.4695e+03,2.3530e+03,2.6835e+03,2.8790e+03,2.3665e+03
4.3000e+02,2.1030e+03,2.1395e+03,2.0605e+03,1.9840e+03,2.3675e+03,1.9385e+03,2.1940e+03,2.0600e+03,1.9500e+03,2.1080e+03,2.1030e+03,2.2075e+03,2.3485e+03,2.3835e+03,2.3515e+03,2.5980e+03,2.7435e+03,2.3465e+03
4.3100e+02,1.9600e+03,2.0575e+03,1.8475e+03,1.9835e+03,2.1585e+03,1.8675e+03,2.2110e+03,2.0375e+03,1.8640e+03,2.2030e+03,1.9600e+03,2.2045e+03,2.1420e+03,2.3065e+03,2.3020e+03,2.4340e+03,2.7330e+03,2.1645e+03
4.3200e+02,1.8655e+03,1.9185e+03,1.9830e+03,1.9905e+03,2.1390e+03,1.8985e+03,2.0915e+03,1.9520e+03,1.7905e+03,2.0790e+03,1.8655e+03,2.0560e+03,2.1260e+03,2.2325e+03,2.2475e+03,2.4885e+03,2.6660e+03,2.1215e+03
4.3300e+02,1.7240e+03,1.9415e+03,1.7745e+03,1.7210e+03,2.0605e+03,1.7410e+03,2.1365e+03,1.8315e+03,1.8475e+03,2.0135e+03,1.7240e+03,1.9985e+03,1.9755e+03,2.1640e+03,2.0900e+03,2.4120e+03,2.6555e+03,2.0800e+03
4.3400e+02,1.7385e+03,1.9545e+03,1.6800e+03,1.6575e+03,1.9500e+03,1.6790e+03,1.9385e+03,1.7790e+03,1.6825e+03,1.9260e+03,1.7385e+03,1.9680e+03,2.0630e+03,2.0735e+03,1.9415e+03,2.3060e+03,2.4630e+03,1.8750e+03
4.3500e+02,1.6290e+03,1.7760e+03,1.7445e+03,1.6555e+03,1.9560e+03,1.6565e+03,1.9190e+03,1.8075e+03,1.6685e+03,1.7705e+03,1.6290e+03,1.8015e+03,1.9600e+03,2.0000e+03,1.9680e+03,2.2310e+03,2.6410e+03,1.8920e+03
4.3600e+02,1.6060e+03,1.7270e+03,1.6245e+03,1.6350e+03,1.9425e+03,1.5060e+03,1.8500e+03,1.7430e+03,1.6120e+03,1.7665e+03,1.6060e+03,1.7290e+03,1.8620e+03,1.9495e+03,1.9215e+03,2.1165e+03,2.3845e+03,1.8420e+03
4.3700e+02,1.5835e+03,1.6075e+03,1.5755e+03,1.5165e+03,1.7195e+03,1.5780e+03,1.8130e+03,1.5815e+03,1.5280e+03,1.6590e+03,1.5835e+03,1.7515e+03,1.7615e+03,1.8800e+03,1.8480e+03,1.9860e+03,2.4095e+03,1.7725e+03
4.3800e+02,1.5485e+03,1.6405e+03,1.5705e+03,1.4155e+03,1.7635e+03,1.4290e+03,1.8085e+03,1.5830e+03,1.4335e+03,1.5800e+03,1.5485e+03,1.6155e+03,1.6730e+03,1.8680e+03,1.7450e+03,1.9765e+03,2.3160e+03,1.5650e+03
4.3900e+02,1.5800e+03,1.6000e+03,1.5080e+03,1.3755e+03,1.6955e+03,1.3650e+03,1.7045e+03,1.5455e+03,1.4020e+03,1.5365e+03,1.5800e+03,1.6685e+03,1.6580e+03,1.8035e+03,1.6580e+03,1.8385e+03,2.2575e+03,1.6000e+03
4.4000e+02,1.4450e+03,1.5675e+03,1.4765e+03,1.3425e+03,1.6160e+03,1.3970e+03,1.6155e+03,1.5325e+03,1.3820e+03,1.4725e+03,1.4450e+03,1.5440e+03,1.5745e+03,1.6730e+03,1.6635e+03,1.8975e+03,2.1790e+03,1.5790e+03
4.4100e+02,1.3505e+03,1.5365e+03,1.4130e+03,1.3255e+03,1.6070e+03,1.2465e+03,1.5805e+03,1.4440e+03,1.2965e+03,1.4095e+03,1.3505e+03,1.5110e+03,1.6005e+03,1.5335e+03,1.5255e+03,1.7225e+03,2.1325e+03,1.4875e+03
4.4200e+02,1.2840e+03,1.4245e+03,1.3285e+03,1.3575e+03,1.5630e+03,1.3220e+03,1.5105e+03,1.3800e+03,1.2690e+03,1.3875e+03,1.2840e+03,1.3995e+03,1.4870e+03,1.5670e+03,1.6340e+03,1.6910e+03,2.0280e+03,1.4945e+03
4.4300e+02,1.2520e+03,1.3290e+03,1.2885e+03,1.2795e+03,1.4370e+03,1.1450e+03,1.4710e+03,1.3370e+03,1.2475e+03,1.3670e+03,1.2520e+03,1.4055e+03,1.4695e+03,1.4900e+03,1.4805e+03,1.6480e+03,2.0735e+03,1.4810e+03
4.4400e+02,1.2595e+03,1.3655e+03,1.2325e+03,1.2915e+03,1.3835e+03,1.2160e+03,1.4510e+03,1.2955e+03,1.2190e+03,1.2865e+03,1.2595e+03,1.3670e+03,1.5050e+03,1.4865e+03,1.3935e+03,1.5945e+03,1.9465e+03,1.3630e+03
4.4500e+02,1.1620e+03,1.3335e+03,1.2485e+03,1.1070e+03,1.3650e+03,1.0885e+03,1.4740e+03,1.3045e+03,1.1415e+03,1.2790e+03,1.1620e+03,1.2995e+03,1.3760e+03,1.4205e+03,1.3380e+03,1.5560e+03,1.9020e+03,1.2680e+03
4.4600e+02,1.1065e+03,1.2860e+03,1.1860e+03,1.1120e+03,1.3025e+03,1.1535e+03,1.3440e+03,1.2620e+03,1.1745e+03,1.1675e+03,1.1065e+03,1.2385e+03,1.3325e+03,1.3490e+03,1.3095e+03,1.5165e+03,1.9000e+03,1.2225e+03
4.4700e+02,1.0995e+03,1.2025e+03,1.1480e+03,1.0855e+03,1.2740e+03,1.0565e+03,1.3215e+03,1.0675e+03,1.0090e+03,1.1195e+03,1.0995e+03,1.2605e+03,1.3120e+03,1.2115e+03,1.2660e+03,1.5145e+03,1.8570e+03,1.1755e+03
4.4800e+02,1.0295e+03,1.1575e+03,1.1010e+03,1.0020e+03,1.2890e+03,9.6300e+02,1.2465e+03,1.0830e+03,1.0090e+03,1.1265e+03,1.0295e+03,1.1405e+03,1.1990e+03,1.2560e+03,1.2060e+03,1.4230e+03,1.6795e+03,1.1520e+03
4.4900e+02,1.0110e+03,1.1705e+03,1.1415e+03,1.1005e+03,1.2320e+03,9.2250e+02,1.2350e+03,1.0570e+03,9.8100e+02,1.0955e+03,1.0110e+03,1.2120e+03,1.1880e+03,1.2160e+03,1.2210e+03,1.3365e+03,1.6765e+03,1.1330e+03
4.5000e+02,1.0055e+03,1.0890e+03,1.0155e+03,9.0350e+02,1.0785e+03,9.0650e+02,1.1005e+03,9.9650e+02,9.0550e+02,9.9700e+02,1.0055e+03,1.0450e+03,1.2100e+03,1.1755e+03,1.0970e+03,1.3920e+03,1.5770e+03,1.0390e+03
4.5100e+02,9.2700e+02,1.0710e+03,1.0040e+03,8.7800e+02,1.1135e+03,8.6350e+02,1.0915e+03,1.0135e+03,9.2250e+02,9.5200e+02,9.2700e+02,1.0410e+03,1.1005e+03,1.0900e+03,1.0775e+03,1.2650e+03,1.5890e+03,1.0190e+03
4.5200e+02,8.7150e+02,1.0190e+03,9.4500e+02,8.6550e+02,1.1015e+03,8.0900e+02,1.0825e+03,1.0150e+03,8.8350e+02,9.6700e+02,8.7150e+02,1.0145e+03,1.1140e+03,1.1275e+03,1.0325e+03,1.1860e+03,1.5755e+03,9.3500e+02
4.5300e+02,8.6900e+02,9.2200e+02,8.9200e+02,8.7950e+02,1.0430e+03,8.2500e+02,1.0200e+03,9.7900e+02,8.6950e+02,9.3750e+02,8.6900e+02,9.8600e+02,1.0730e+03,1.0625e+03,9.4400e+02,1.2100e+03,1.4660e+03,9.0750e+02
4.5400e+02,8.9600e+02,9.8000e+02,9.1150e+02,7.8450e+02,9.3750e+02,8.1550e+02,9.7900e+02,8.8900e+02,8.2800e+02,8.6250e+02,8.9600e+02,9.3650e+02,1.0050e+03,1.0090e+03,9.2700e+02,1.1115e+03,1.4230e+03,8.5950e+02
4.5500e+02,7.9850e+02,9.2200e+02,9.0400e+02,7.5800e+02,9.6750e+02,6.8600e+02,9.1550e+02,8.9900e+02,7.5200e+02,8.3250e+02,7.9850e+02,8.4100e+02,9.3400e+02,9.6850e+02,9.8950e+02,1.0740e+03,1.2505e+03,8.4150e+02
4.5600e+02,8.0850e+02,9.8150e+02,8.6750e+02,7.6300e+02,9.3050e+02,6.9750e+02,8.8800e+02,8.8450e+02,7.0850e+02,8.2550e+02,8.0850e+02,8.9700e+02,9.3350e+02,8.5200e+02,8.7400e+02,1.0505e+03,1.2695e+03,8.3550e+02
4.5700e+02,7.8400e+02,8.5500e+02,7.6600e+02,7.3700e+02,9.1850e+02,7.2100e+02,8.4900e+02,8.5150e+02,6.9250e+02,8.2700e+02,7.8400e+02,7.9800e+02,8.4100e+02,8.6700e+02,7.9850e+02,9.9700e+02,1.2155e+03,8.3100e+02
4.5800e+02,7.6450e+02,8.6250e+02,8.0100e+02,7.0150e+02,8.9350e+02,6.1750e+02,8.7650e+02,8.4200e+02,6.5600e+02,7.2650e+02,7.6450e+02,8.6400e+02,8.1950e+02,8.8550e+02,8.0300e+02,9.5300e+02,1.0585e+03,7.3850e+02
4.5900e+02,6.3250e+02,8.3400e+02,7.3850e+02,6.5300e+02,8.4900e+02,6.0400e+02,8.2250e+02,7.4450e+02,6.9400e+02,6.6600e+02,6.3250e+02,7.5650e+02,8.2800e+02,8.5200e+02,8.2800e+02,9.2650e+02,1.0330e+03,6.9200e+02
4.6000e+02,6.5300e+02,7.1250e+02,7.0900e+02,6.0800e+02,8.0150e+02,5.8850e+02,8.0400e+02,7.3700e+02,6.2300e+02,7.0500e+02,6.5300e+02,7.4300e+02,7.3500e+02,8.8350e+02,7.6900e+02,8.8700e+02,9.7050e+02,7.0450e+02
4.6100e+02,6.2600e+02,8.0500e+02,6.4750e+02,6.1050e+02,7.8700e+02,5.9500e+02,7.3300e+02,6.8900e+02,5.6750e+02,6.2650e+02,6.2600e+02,7.2250e+02,6.9800e+02,7.6100e+02,6.7300e+02,8.6500e+02,7.6300e+02,6.7800e+02
4.6200e+02,6.5950e+02,7.1450e+02,6.6900e+02,6.4100e+02,7.8250e+02,5.0200e+02,7.0050e+02,7.0450e+02,5.8600e+02,6.1700e+02,6.5950e+02,6.9100e+02,7.4150e+02,6.9800e+02,7.3300e+02,8.5200e+02,7.2450e+02,6.5500e+02
4.6300e+02,5.4900e+02,7.1750e+02,7.0850e+02,4.9850e+02,6.8450e+02,4.8750e+02,7.2350e+02,6.5300e+02,5.2500e+02,5.8250e+02,5.4900e+02,6.5700e+02,6.9000e+02,6.8900e+02,6.5600e+02,8.1150e+02,7.6850e+02,6.5350e+02
4.6400e+02,5.4200e+02,6.4650e+02,6.3850e+02,5.4200e+02,7.1050e+02,5.1900e+02,6.6500e+02,5.5900e+02,5.6150e+02,5.2850e+02,5.4200e+02,6.0300e+02,7.0400e+02,6.5400e+02,6.1050e+02,7.0500e+02,7.6200e+02,6.2350e+02
4.6500e+02,5.9300e+02,6.5400e+02,5.8900e+02,5.1050e+02,6.8050e+02,4.4300e+02,6.3300e+02,5.5350e+02,4.6050e+02,5.4700e+02,5.9300e+02,5.6250e+02,7.2300e+02,5.6200e+02,5.6850e+02,7.5400e+02,7.2950e+02,5.6550e+02
4.6600e+02,5.5000e+02,6.1250e+02,6.3050e+02,5.0750e+02,6.2900e+02,4.4350e+02,6.2650e+02,5.8500e+02,5.5050e+02,5.0300e+02,5.5000e+02,5.2100e+02,6.7150e+02,5.9200e+02,6.3000e+02,7.2650e+02,7.6950e+02,5.2100e+02
4.6700e+02,5.0200e+02,6.2250e+02,5.6000e+02,4.9100e+02,6.1600e+02,4.1700e+02,6.0950e+02,5.7950e+02,4.6200e+02,4.8450e+02,5.0200e+02,5.9700e+02,6.9400e+02,6.1250e+02,5.4650e+02,6.6750e+02,6.3850e+02,4.9500e+02
4.6800e+02,4.9850e+02,6.2450e+02,5.4750e+02,4.8150e+02,5.7650e+02,4.2600e+02,5.7650e+02,4.9950e+02,4.0550e+02,4.7000e+02,4.9850e+02,5.0500e+02,5.2150e+02,5.8050e+02,5.7350e+02,6.3850e+02,6.8950e+02,5.2400e+02
4.6900e+02,4.4550e+02,5.7400e+02,5.7200e+02,4.5550e+02,5.3300e+02,4.0600e+02,5.8950e+02,5.0400e+02,4.1450e+02,5.0800e+02,4.4550e+02,5.1450e+02,5.9350e+02,5.2150e+02,6.0450e+02,6.1750e+02,5.9500e+02,4.4850e+02
4.7000e+02,4.1100e+02,5.3200e+02,5.4250e+02,4.3150e+02,5.2250e+02,3.2850e+02,5.2250e+02,4.6800e+02,4.0850e+02,4.4100e+02,4.1100e+02,5.1650e+02,5.6750e+02,5.7400e+02,5.1150e+02,6.1050e+02,6.4450e+02,4.7950e+02
4.7100e+02,4.0350e+02,5.3050e+02,4.9250e+02,4.7050e+02,5.1750e+02,3.9000e+02,4.7450e+02,4.9750e+02,4.1900e+02,3.8700e+02,4.0350e+02,4.3750e+02,5.8100e+02,5.7000e+02,4.8050e+02,5.2350e+02,5.8700e+02,5.1200e+02
4.7200e+02,4.0800e+02,4.9900e+02,4.8200e+02,4.1550e+02,5.2350e+02,3.0250e+02,5.0700e+02,4.4750e+02,3.4950e+02,4.1200e+02,4.0800e+02,4.8500e+02,5.7600e+02,5.0100e+02,4.1100e+02,5.1950e+02,5.7300e+02,2.8950e+02
4.7300e+02,4.0550e+02,4.4700e+02,4.7700e+02,4.0200e+02,4.9950e+02,2.9550e+02,4.6750e+02,5.3400e+02,3.0650e+02,4.0850e+02,4.0550e+02,3.9900e+02,4.7950e+02,5.0000e+02,3.9800e+02,5.2950e+02,5.3350e+02,4.0600e+02
4.7400e+02,3.8600e+02,4.6450e+02,4.7600e+02,3.6750e+02,4.7350e+02,2.9650e+02,4.2150e+02,3.9450e+02,2.9750e+02,3.6850e+02,3.8600e+02,4.7150e+02,4.5850e+02,4.8550e+02,4.6050e+02,5.1000e+02,4.4850e+02,3.2650e+02
4.7500e+02,3.2700e+02,4.5850e+02,4.1200e+02,3.6650e+02,4.6100e+02,2.9100e+02,4.5800e+02,4.1600e+02,3.1750e+02,2.9100e+02,3.2700e+02,4.0300e+02,4.4950e+02,4.2200e+02,3.9250e+02,5.2850e+02,5.3950e+02,3.8700e+02
4.7600e+02,3.9200e+02,4.8600e+02,4.0850e+02,3.0400e+02,5.0550e+02,3.1050e+02,4.0600e+02,4.2250e+02,3.4800e+02,3.5950e+02,3.9200e+02,4.2900e+02,4.7800e+02,3.9950e+02,3.6800e+02,4.9350e+02,4.7250e+02,3.1200e+02
4.7700e+02,3.5550e+02,4.2800e+02,4.3350e+02,3.0750e+02,3.8700e+02,2.5300e+02,4.2850e+02,3.5400e+02,2.8200e+02,2.9850e+02,3.5550e+02,3.2800e+02,3.6350e+02,3.7250e+02,3.8600e+02,4.8200e+02,5.3000e+02,3.2550e+02
4.7800e+02,3.3300e+02,4.3100e+02,4.3300e+02,3.3050e+02,3.6950e+02,2.5850e+02,3.9450e+02,3.9150e+02,2.7400e+02,2.6650e+02,3.3300e+02,3.3400e+02,4.5900e+02,4.1150e+02,3.5000e+02,5.0150e+02,4.6700e+02,3.5850e+02
4.7900e+02,3.3700e+02,4.4650e+02,3.3050e+02,3.3450e+02,3.9650e+02,2.0200e+02,3.9050e+02,3.2400e+02,2.6900e+02,2.7050e+02,3.3700e+02,4.0800e+02,4.5350e+02,4.2950e+02,3.5150e+02,4.4250e+02,3.6750e+02,3.0900e+02
4.8000e+02,3.2000e+02,3.8000e+02,3.7100e+02,3.1350e+02,3.9400e+02,2.6050e+02,3.7200e+02,3.8600e+02,2.5800e+02,2.7450e+02,3.2000e+02,3.2450e+02,4.2200e+02,3.7450e+02,2.8050e+02,4.3600e+02,4.3800e+02,2.6750e+02
4.8100e+02,2.6350e+02,3.7950e+02,3.8500e+02,3.7150e+02,4.0350e+02,2.1200e+02,3.0500e+02,3.4550e+02,2.2950e+02,2.4600e+02,2.6350e+02,3.5200e+02,3.5700e+02,3.1750e+02,3.0550e+02,4.8600e+02,3.9500e+02,2.7300e+02
4.8200e+02,2.8450e+02,3.8300e+02,3.3200e+02,2.9000e+02,3.5900e+02,2.3950e+02,3.2450e+02,3.6050e+02,2.3600e+02,2.5450e+02,2.8450e+02,3.1950e+02,4.1350e+02,3.2800e+02,3.2950e+02,4.2900e+02,3.6100e+02,2.7600e+02
4.8300e+02,2.6500e+02,3.5000e+02,2.8700e+02,3.2050e+02,3.6700e+02,1.6100e+02,2.8050e+02,3.0400e+02,2.0200e+02,2.6450e+02,2.6500e+02,2.7850e+02,3.7000e+02,2.9900e+02,3.1100e+02,4.0850e+02,4.1000e+02,2.4500e+02
4.8400e+02,2.9700e+02,3.7300e+02,3.1950e+02,2.8650e+02,3.6850e+02,2.1550e+02,3.1900e+02,3.1850e+02,2.5500e+02,2.3100e+02,2.9700e+02,2.4450e+02,3.0900e+02,3.5350e+02,2.7400e+02,3.6950e+02,3.8150e+02,2.9800e+02
4.8500e+02,2.4850e+02,3.3550e+02,3.5300e+02,2.7050e+02,3.5050e+02,1.6800e+02,2.9150e+02,2.9300e+02,2.3200e+02,2.1650e+02,2.4850e+02,2.9950e+02,3.5950e+02,2.9900e+02,2.7150e+02,3.8750e+02,4.0850e+02,2.4200e+02
4.8600e+02,2.2350e+02,3.7000e+02,3.2100e+02,2.8650e+02,3.5250e+02,1.4300e+02,3.3800e+02,3.1850e+02,2.1200e+02,1.9650e+02,2.2350e+02,2.9950e+02,3.4450e+02,3.1350e+02,3.1800e+02,3.5050e+02,3.9650e+02,2.0900e+02
4.8700e+02,2.3550e+02,3.1250e+02,3.1000e+02,2.7100e+02,2.6550e+02,1.0100e+02,3.1300e+02,2.6200e+02,2.1050e+02,2.1150e+02,2.3550e+02,2.8850e+02,3.1100e+02,2.6900e+02,2.6850e+02,3.6300e+02,3.4800e+02,2.0750e+02
4.8800e+02,2.6100e+02,3.2950e+02,2.7050e+02,2.7400e+02,3.0600e+02,1.9600e+02,3.1900e+02,2.8500e+02,1.7350e+02,1.7700e+02,2.6100e+02,2.8450e+02,3.3700e+02,2.9400e+02,2.1300e+02,3.0600e+02,3.9500e+02,1.8100e+02
4.8900e+02,2.1700e+02,3.3400e+02,3.0950e+02,2.7300e+02,3.0200e+02,1.7900e+02,3.0250e+02,2.4800e+02,1.6950e+02,1.8100e+02,2.1700e+02,2.5650e+02,2.7750e+02,2.7400e+02,2.7250e+02,3.7400e+02,3.2250e+02,2.4100e+02
4.9000e+02,1.8850e+02,2.8400e+02,3.2750e+02,2.4050e+02,3.2350e+02,1.6200e+02,2.9150e+02,2.7600e+02,1.7250e+02,2.0050e+02,1.8850e+02,2.8000e+02,2.9950e+02,2.9600e+02,2.4350e+02,2.8850e+02,3.6050e+02,1.9200e+02
4.9100e+02,2.0700e+02,2.9300e+02,3.0300e+02,2.5150e+02,3.2600e+02,1.3200e+02,2.5000e+02,2.3150e+02,1.6650e+02,1.5600e+02,2.0700e+02,2.3700e+02,3.1250e+02,2.3900e+02,2.2300e+02,2.4200e+02,3.1150e+02,2.2150e+02
4.9200e+02,2.3600e+02,3.0200e+02,2.7000e+02,2.5750e+02,2.3950e+02,1.5200e+02,2.4600e+02,2.7200e+02,1.5450e+02,1.5650e+02,2.3600e+02,2.3850e+02,2.9700e+02,2.4700e+02,2.5100e+02,2.6950e+02,2.7000e+02,1.9850e+02
4.9300e+02,2.4300e+02,3.0350e+02,2.5600e+02,2.4900e+02,3.0650e+02,1.3050e+02,2.2750e+02,2.6650e+02,1.9250e+02,1.5200e+02,2.4300e+02,2.6850e+02,2.8700e+02,2.6350e+02,1.6000e+02,2.7150e+02,3.0150e+02,1.8250e+02
4.9400e+02,2.2850e+02,2.7200e+02,2.7400e+02,2.0350e+02,3.3300e+02,1.5250e+02,1.9700e+02,2.5250e+02,1.4200e+02,1.4600e+02,2.2850e+02,1.8300e+02,2.8450e+02,2.7000e+02,2.3300e+02,2.9900e+02,2.3000e+02,1.7850e+02
4.9500e+02,1.9650e+02,2.9750e+02,2.7900e+02,2.2000e+02,2.7000e+02,1.2450e+02,2.1950e+02,2.6550e+02,1.6900e+02,1.4250e+02,1.9650e+02,2.2700e+02,2.5500e+02,1.9550e+02,2.2000e+02,2.6450e+02,2.8650e+02,1.5900e+02
4.9600e+02,1.8750e+02,2.3450e+02,2.3950e+02,2.3100e+02,2.2800e+02,1.4550e+02,2.4550e+02,2.4350e+02,1.9700e+02,1.3500e+02,1.8750e+02,2.3550e+02,2.7750e+02,2.1100e+02,2.0500e+02,2.1000e+02,3.0850e+02,1.8800e+02
4.9700e+02,1.2750e+02,2.6600e+02,2.0350e+02,2.0200e+02,2.7100e+02,1.0250e+02,1.9750e+02,2.1650e+02,1.5050e+02,1.0500e+02,1.2750e+02,2.4350e+02,2.5700e+02,2.1250e+02,1.8750e+02,2.8000e+02,2.8400e+02,1.6400e+02
4.9800e+02,1.7550e+02,2.6700e+02,2.0750e+02,1.9050e+02,2.4950e+02,1.2800e+02,2.0300e+02,2.0400e+02,1.6100e+02,1.2850e+02,1.7550e+02,1.9150e+02,2.4450e+02,1.9950e+02,1.4300e+02,2.2550e+02,2.7350e+02,1.1350e+02
4.9900e+02,1.7000e+02,2.6550e+02,2.3750e+02,2.0050e+02,2.6000e+02,1.3650e+02,2.1500e+02,2.1750e+02,1.3600e+02,1.1450e+02,1.7000e+02,1.8900e+02,2.4600e+02,1.8750e+02,1.5100e+02,2.3700e+02,2.4950e+02,1.1800e+02
5.0000e+02,1.7050e+02,2.2300e+02,2.1550e+02,1.6500e+02,2.0200e+02,1.0750e+02,1.6250e+02,1.9600e+02,1.3050e+02,9.1500e+01,1.7050e+02,1.5800e+02,2.4600e+02,1.9600e+02,1.5900e+02,2.2500e+02,2.3450e+02,1.6200e+02
